LO8 0 0.278486 0.973294 0.278486 0.917824 0.486967 0.916027 0.489308 0.959169 0.477208 0.963534 0.460030 0.969697 0.442461 0.974576 0.417474 0.980485 0.407714 0.982796 0.382727 0.985107 0.362817 0.985361 0.344857 0.984850 0.331584 0.984078 0.315579 0.981767 0.303474 0.979456 0.289028 0.976630 0.278486 0.974013
LO9 0 0.487915 0.957860 0.487053 0.915925 0.568466 0.915641 0.563729 0.919324 0.546927 0.930092 0.521945 0.943409 0.508160 0.950491 0.497820 0.955308
LO7 0 0.185429 0.919041 0.278476 0.918757 0.278045 0.973442 0.253058 0.966644 0.228937 0.957010 0.208261 0.943126 0.197489 0.932924 0.189739 0.925842
LO6 0 0.487794 0.915364 0.484506 0.832526 0.651424 0.830557 0.645444 0.845315 0.633479 0.863416 0.620912 0.878961 0.600872 0.895292 0.582622 0.908279 0.568266 0.915559
LO5 0 0.279338 0.917966 0.279769 0.834946 0.484812 0.832677 0.487398 0.915130
LO4 0 0.130556 0.836571 0.279890 0.834916 0.278812 0.918503 0.182607 0.919212 0.165018 0.896307 0.144917 0.867029 0.133068 0.845305
LO3 0 0.484476 0.831856 0.482677 0.759050 0.695073 0.756100 0.651694 0.831068 0.564346 0.831068
LO2 0 0.279053 0.834847 0.279353 0.760864 0.484266 0.759288 0.486060 0.833076
LO1 0 0.120687 0.761296 0.280426 0.761530 0.280787 0.835671 0.130376 0.836380 0.125353 0.821032 0.121764 0.805684 0.118892 0.786086 0.119609 0.771685
LO10 0 0.238070 0.759067 0.280717 0.750284 0.310005 0.744899 0.330682 0.743198 0.356100 0.741784 0.387544 0.740366 0.423729 0.738948 0.453454 0.735833 0.483178 0.732433 0.512035 0.725631 0.534436 0.715997 0.544346 0.709199 0.558130 0.698431 0.573208 0.681431 0.587850 0.668961 0.601634 0.660745 0.620160 0.653096 0.630065 0.650264 0.647298 0.647428 0.656346 0.665562 0.664957 0.685681 0.674867 0.706930 0.677023 0.721381 0.683915 0.732150 0.690807 0.738665 0.699419 0.743482 0.701574 0.748015 0.696406 0.755101 0.692957 0.756799 0.635669 0.757366 0.565454 0.757933 0.483178 0.759350 0.396591 0.760198 0.322932 0.761332 0.278561 0.761899 0.243238 0.761332
HX14 0 0.703514 0.744890 0.689554 0.738088 0.679734 0.726868 0.675083 0.713607 0.674566 0.708506 0.692140 0.701365 0.705063 0.694566 0.720571 0.686406 0.730912 0.678586 0.742281 0.671784 0.754170 0.661586 0.766060 0.651385 0.776401 0.641184 0.784150 0.632684 0.791388 0.624863 0.798627 0.615684 0.805865 0.605823 0.812065 0.598002 0.818271 0.588144 0.825509 0.584402 0.835328 0.582361 0.846702 0.582021 0.857554 0.583383 0.863759 0.589163 0.865825 0.592562 0.865308 0.601062 0.859108 0.606502 0.853419 0.613304 0.848767 0.620102 0.842566 0.628262 0.834296 0.639825 0.824987 0.650023 0.813619 0.660564 0.805865 0.668045 0.794491 0.677906 0.783118 0.686746 0.767609 0.698305 0.754170 0.708506 0.743318 0.717346 0.730391 0.726189 0.714371 0.735707
HX13 0 0.820165 0.585236 0.825764 0.576169 0.835674 0.557184 0.856351 0.514965 0.866687 0.490317 0.873148 0.472183 0.882195 0.469914 0.891674 0.469914 0.901148 0.470765 0.909333 0.473030 0.917950 0.477847 0.920100 0.479832 0.918381 0.490880 0.908902 0.520917 0.901148 0.536499 0.891243 0.554916 0.868411 0.592034 0.864531 0.591467 0.863243 0.587501 0.854627 0.583818 0.847303 0.582117 0.839980 0.581836 0.830501 0.583534 0.825764 0.585236
HX12 0 0.873749 0.470673 0.878236 0.455519 0.882722 0.436040 0.886015 0.415579 0.886912 0.401015 0.886912 0.385275 0.886612 0.383703 0.898281 0.378978 0.910246 0.376419 0.920717 0.376419 0.930586 0.377798 0.938366 0.382519 0.942551 0.386653 0.941654 0.395902 0.938065 0.412822 0.920416 0.481101 0.916226 0.476967 0.907850 0.473426 0.897383 0.470867 0.887509 0.470277 0.879133 0.470673
HX11 0 0.886732 0.382087 0.893910 0.359182 0.903965 0.315974 0.912937 0.267804 0.922632 0.265443 0.933398 0.263792 0.944165 0.264029 0.953143 0.267570 0.958526 0.270640 0.943449 0.387755 0.937704 0.381850 0.928732 0.377600 0.914015 0.376419 0.899654 0.379489 0.892115 0.381850
DF1 0 0.912326 0.267145 0.918787 0.250145 0.928120 0.232908 0.930637 0.226297 0.933148 0.219683 0.932070 0.212130 0.925609 0.205516 0.916276 0.199852 0.900481 0.192057 0.880376 0.183795 0.860276 0.176004 0.848070 0.170570 0.853098 0.162779 0.863148 0.157112 0.874992 0.154751 0.886842 0.153099 0.896892 0.159001 0.907659 0.163960 0.916992 0.168447 0.930637 0.173406 0.949303 0.180016 0.965098 0.188516 0.972992 0.197962 0.975148 0.206225 0.972637 0.219921 0.968326 0.228183 0.962226 0.243060 0.958637 0.260059 0.956481 0.272338 0.952892 0.267616 0.942837 0.265018 0.934942 0.264075 0.927404 0.265256 0.919148 0.266907
HX10 0 0.766777 0.123340 0.771263 0.117633 0.777845 0.112713 0.785624 0.107992 0.793699 0.105829 0.807158 0.107402 0.812546 0.107992 0.886431 0.153643 0.875664 0.155216 0.867885 0.156198 0.860110 0.159153 0.852632 0.164662 0.848140 0.170564 0.807459 0.148724 0.776050 0.131210
HX9 0 0.622922 0.062265 0.626511 0.053056 0.631900 0.045971 0.638000 0.041250 0.645178 0.037943 0.660617 0.042901 0.669233 0.045028 0.678566 0.047389 0.694000 0.053056 0.716256 0.061085 0.750717 0.075249 0.792717 0.096264 0.811383 0.106891 0.805283 0.107125 0.796306 0.106419 0.788050 0.107362 0.780511 0.110432 0.773694 0.115628 0.765078 0.123656 0.753228 0.117043 0.731333 0.105002 0.712306 0.095084 0.695794 0.087293 0.679639 0.079974 0.660972 0.072888 0.640872 0.066986 0.628306 0.063445
HX8 0 0.498211 0.043986 0.504787 0.037725 0.507559 0.030211 0.506692 0.023264 0.498902 0.015635 0.512406 0.016205 0.531103 0.017343 0.548065 0.019163 0.562952 0.020643 0.584937 0.024517 0.605539 0.028160 0.627699 0.033399 0.645013 0.038523 0.638085 0.042506 0.630987 0.047972 0.624236 0.057652 0.621293 0.062433 0.610732 0.058905 0.593769 0.054237 0.575764 0.051276 0.558281 0.048998 0.532657 0.046719 0.512060 0.045239 0.503058 0.044899
HX7 0 0.354486 0.059311 0.361303 0.057425 0.375664 0.055061 0.393970 0.052466 0.414431 0.049868 0.434175 0.047270 0.448892 0.046090 0.464687 0.045147 0.484075 0.044672 0.499509 0.045381 0.501664 0.041368 0.505609 0.037118 0.507764 0.032160 0.508481 0.027201 0.504892 0.021062 0.499148 0.016103 0.493409 0.015157 0.482276 0.014923 0.467203 0.014923 0.449614 0.015157 0.431664 0.016103 0.407970 0.017521 0.377459 0.020824 0.362742 0.022242 0.340842 0.026255 0.345153 0.029090 0.351253 0.034049 0.355559 0.039479 0.356997 0.045381 0.355920 0.052466 0.354125 0.056479
HX6 0 0.213163 0.066670 0.222386 0.061421 0.237093 0.055681 0.252301 0.049779 0.270997 0.043383 0.288195 0.038464 0.306396 0.033218 0.328581 0.028464 0.341293 0.026169 0.348276 0.030758 0.354506 0.037316 0.357995 0.044204 0.355504 0.053060 0.354506 0.059453 0.341794 0.061421 0.327083 0.065193 0.313875 0.068635 0.292932 0.075196 0.274486 0.081589 0.256787 0.088968 0.236842 0.098642 0.237343 0.090936 0.235098 0.083884 0.231358 0.076344 0.223133 0.071259 0.217895 0.069126
HX5 0 0.091825 0.148520 0.100441 0.139169 0.115088 0.126700 0.128010 0.115368 0.141794 0.104883 0.161178 0.092984 0.179268 0.082499 0.210717 0.066634 0.219333 0.068899 0.226652 0.071447 0.232687 0.077682 0.236992 0.087883 0.236130 0.098652 0.219333 0.109416 0.202100 0.120752 0.187023 0.132651 0.146962 0.168351 0.144807 0.164385 0.143514 0.160419 0.138346 0.156169 0.133178 0.153337 0.125424 0.150501 0.113363 0.149651 0.103023 0.149651 0.096992 0.149367
HX4 0 0.035970 0.259871 0.034175 0.255859 0.032376 0.248539 0.031303 0.237913 0.031303 0.226578 0.032737 0.216426 0.036326 0.204148 0.044226 0.189037 0.052481 0.179829 0.062170 0.171800 0.071148 0.165190 0.080837 0.157870 0.091609 0.148661 0.096992 0.149604 0.106687 0.149367 0.116737 0.149367 0.126070 0.150313 0.135043 0.152911 0.142581 0.157870 0.146892 0.170148 0.142226 0.172509 0.135764 0.177230 0.130376 0.181480 0.123915 0.185493 0.115298 0.191869 0.109198 0.196828 0.101303 0.202496 0.093043 0.209344 0.087303 0.215246 0.083353 0.222094 0.081559 0.227761 0.081198 0.236261 0.082637 0.249954 0.076170 0.248773 0.066120 0.248773 0.054637 0.251372 0.044226 0.255150
HX3 0 0.035970 0.260171 0.044045 0.255645 0.053018 0.251711 0.061995 0.249743 0.070967 0.248170 0.083534 0.249153 0.087123 0.260171 0.091910 0.269027 0.097890 0.279258 0.106566 0.292638 0.114045 0.301296 0.125414 0.314477 0.146055 0.337105 0.137078 0.334744 0.126010 0.331991 0.117935 0.331991 0.109258 0.333762 0.102677 0.338289 0.096692 0.348127 0.092206 0.343403 0.083534 0.335140 0.073363 0.324316 0.064386 0.313495 0.056607 0.304247 0.049429 0.291655 0.040752 0.276897 0.035669 0.262924
HX2 0 0.096902 0.346888 0.101689 0.339212 0.108271 0.333505 0.119338 0.331734 0.130110 0.332720 0.145664 0.336459 0.152842 0.341968 0.162416 0.351609 0.175278 0.363020 0.185153 0.371088 0.195920 0.379548 0.206987 0.388009 0.217459 0.394702 0.228226 0.401194 0.236902 0.406113 0.231218 0.409459 0.225534 0.413785 0.219850 0.419690 0.217459 0.430907 0.215664 0.436218 0.206090 0.428938 0.185749 0.416149 0.171093 0.405915 0.157033 0.395684 0.135494 0.379548 0.110962 0.360659 0.099895 0.350821
HX1 0 0.216050 0.436670 0.216652 0.429192 0.220541 0.419159 0.225624 0.412862 0.237589 0.406960 0.248060 0.410501 0.260627 0.415813 0.272291 0.420142 0.283358 0.423488 0.296521 0.427029 0.314170 0.431949 0.329128 0.435097 0.350070 0.439228 0.369514 0.442377 0.387163 0.444738 0.409599 0.447296 0.438912 0.449657 0.439810 0.456937 0.436822 0.468744 0.431734 0.478582 0.422461 0.488813 0.410496 0.498652 0.394341 0.509278 0.382677 0.506129 0.369815 0.504359 0.350070 0.500818 0.328832 0.498849 0.324942 0.492750 0.318657 0.488421 0.307293 0.482321 0.289343 0.476614 0.274982 0.473465 0.261524 0.471497 0.260922 0.465595 0.256737 0.455757 0.245368 0.445720 0.234000 0.440801 0.222035 0.438440
ZERO 0 0.427569 0.471151 0.425564 0.471480 0.422556 0.472470 0.421053 0.473129 0.418546 0.474777 0.417043 0.476756 0.416541 0.477745 0.416541 0.480382 0.417043 0.481372 0.418546 0.483350 0.421053 0.484998 0.422556 0.485658 0.425564 0.486647 0.427569 0.486977 0.432581 0.486977 0.434586 0.486647 0.437093 0.485987 0.439098 0.484998 0.441604 0.483350 0.443108 0.481372 0.443609 0.480382 0.443609 0.477745 0.443108 0.476756 0.441604 0.474777 0.439098 0.473129 0.437093 0.472140 0.434586 0.471480 0.432581 0.471151 0.427569 0.471151
TG1 0 0.151293 0.471896 0.156070 0.468889 0.163133 0.466429 0.170195 0.463558 0.177258 0.460689 0.185153 0.457412 0.190972 0.455223 0.197203 0.452354 0.203018 0.449621 0.208005 0.446479 0.214652 0.441424 0.217559 0.437049 0.222546 0.438417 0.230025 0.440056 0.238752 0.442516 0.245398 0.445658 0.253499 0.451945 0.258692 0.458642 0.261599 0.466156 0.262015 0.471896 0.251629 0.471896 0.239789 0.472440 0.225248 0.475038 0.213198 0.478454 0.200732 0.483647 0.183078 0.493485 0.182246 0.487883 0.180792 0.482143 0.176015 0.477224 0.166456 0.474217 0.156070 0.473670
TG2 0 0.121624 0.546812 0.123368 0.543366 0.125113 0.537791 0.126361 0.532054 0.128105 0.522377 0.127358 0.509423 0.127604 0.497946 0.131098 0.488764 0.135333 0.481876 0.144556 0.474992 0.151288 0.473350 0.164501 0.473350 0.174972 0.475974 0.179704 0.479581 0.183444 0.486304 0.184441 0.494013 0.180727 0.496733 0.179133 0.500063 0.178286 0.505654 0.178857 0.524346 0.174872 0.549763 0.171579 0.556452 0.163278 0.553436 0.150812 0.548516 0.136481 0.546334 0.125263 0.547155
TG3 0 0.074947 0.597979 0.077639 0.591682 0.085714 0.582239 0.093193 0.574761 0.103664 0.566495 0.110246 0.559413 0.116827 0.553314 0.121614 0.548002 0.128491 0.546624 0.140160 0.546624 0.152125 0.548592 0.167383 0.554296 0.171870 0.557250 0.166782 0.566301 0.154817 0.574563 0.146441 0.581843 0.133880 0.591682 0.123709 0.603096 0.118025 0.613129 0.112637 0.609786 0.105158 0.604669 0.093193 0.600340 0.077940 0.599947
TG4 0 0.098546 0.678928 0.091669 0.669486 0.085088 0.658464 0.078206 0.643511 0.072521 0.621078 0.072822 0.599631 0.082095 0.599631 0.094060 0.600617 0.104832 0.604550 0.117393 0.612423 0.119489 0.624425 0.125769 0.637412 0.132055 0.649809 0.135644 0.654530 0.139534 0.669090 0.128762 0.668500 0.117694 0.670270 0.109018 0.674207 0.103333 0.677158
TG5 0 0.098897 0.679677 0.102416 0.677056 0.111093 0.672430 0.123048 0.668417 0.139930 0.667801 0.143213 0.676284 0.147905 0.687234 0.154236 0.698803 0.157519 0.703891 0.145093 0.705743 0.137353 0.708826 0.130551 0.715922 0.125629 0.720241 0.120937 0.714224 0.113439 0.701424 0.106637 0.690936 0.101479 0.684458
EYE2 0 0.125744 0.719901 0.131609 0.713116 0.140286 0.706637 0.152476 0.704939 0.159509 0.704322 0.165840 0.711263 0.174281 0.717896 0.187414 0.722367 0.200546 0.726380 0.205940 0.726996 0.178271 0.757689 0.163499 0.753060 0.150366 0.746736 0.139579 0.739796 0.131138 0.734398 0.128326 0.728229
IT1 0 0.204742 0.726980 0.195128 0.760293 0.206617 0.760910 0.227955 0.760293 0.247183 0.757211 0.266877 0.753663 0.277664 0.750115 0.283759 0.743327 0.287043 0.736386 0.284466 0.730066 0.279539 0.725130 0.272972 0.720811 0.263128 0.722971 0.248586 0.725130 0.237569 0.727596 0.223033 0.728213 0.210602 0.727135
EYE1 0 0.345875 0.714774 0.351784 0.742351 0.326175 0.743647 0.301419 0.746607 0.277218 0.750679 0.282847 0.743462 0.286221 0.737537 0.284251 0.728839 0.275248 0.721807 0.283128 0.719957
AT1 0 0.345008 0.714949 0.347348 0.743327 0.420040 0.738546 0.423554 0.733765 0.424491 0.728058 0.420742 0.723277 0.414175 0.717263 0.407609 0.712789 0.386506 0.712944
AT2 0 0.421930 0.738203 0.423053 0.730801 0.423053 0.725806 0.418832 0.719881 0.410672 0.715256 0.408702 0.713775 0.425584 0.711738 0.437965 0.710814 0.450346 0.710073 0.463008 0.708223 0.473980 0.705631 0.482421 0.702855 0.493118 0.698599 0.500150 0.696377 0.506622 0.694158 0.514501 0.694158 0.528005 0.696746 0.536727 0.703040 0.540386 0.711922 0.535885 0.715256 0.524912 0.721919 0.508872 0.726729 0.490020 0.730801 0.471729 0.734135 0.454286 0.736538 0.433744 0.738576
AT3 0 0.506386 0.692740 0.515840 0.687188 0.530697 0.676525 0.547915 0.660979 0.563449 0.646320 0.589449 0.617448 0.604642 0.618783 0.625238 0.624111 0.637053 0.632107 0.648195 0.647652 0.629965 0.650762 0.614431 0.654982 0.600251 0.661424 0.583033 0.672974 0.560070 0.695183 0.539815 0.713393 0.538461 0.710950 0.537113 0.706063 0.534070 0.701401 0.527659 0.696957 0.514150 0.693627
SF1 0 0.648170 0.647972 0.661945 0.645842 0.676531 0.640244 0.689499 0.633317 0.702060 0.623989 0.716241 0.610930 0.728802 0.599202 0.741358 0.586677 0.754326 0.573083 0.762025 0.577082 0.772155 0.581612 0.787148 0.585612 0.797679 0.587474 0.817128 0.587211 0.817534 0.589608 0.812266 0.598404 0.804165 0.609064 0.790386 0.625589 0.780662 0.636779 0.767293 0.649571 0.753920 0.662631 0.738120 0.675424 0.716647 0.689017 0.689905 0.702341 0.676125 0.709271 0.661945 0.679156
SF2 0 0.751880 0.571622 0.765303 0.557039 0.779303 0.540155 0.790972 0.515978 0.791559 0.499090 0.792140 0.473762 0.800892 0.476063 0.814897 0.478750 0.825980 0.479133 0.837649 0.479133 0.849318 0.477982 0.863323 0.473762 0.873243 0.471457 0.867409 0.489878 0.844652 0.542456 0.821313 0.586973 0.811980 0.587742 0.805383 0.588243 0.790857 0.587474 0.769038 0.581296
SF3 0 0.789794 0.474840 0.788386 0.454665 0.786421 0.428572 0.786421 0.422463 0.781073 0.410063 0.776291 0.398220 0.772912 0.385262 0.779103 0.386189 0.787544 0.389703 0.796546 0.391925 0.810055 0.394148 0.823278 0.395256 0.841288 0.394702 0.855920 0.393037 0.870832 0.389891 0.886306 0.384339 0.886586 0.394332 0.886586 0.423759 0.879554 0.448190 0.873644 0.472249 0.859013 0.475767 0.834251 0.480023 0.813995 0.479097
SF4 0 0.773158 0.385872 0.765734 0.366106 0.752902 0.343897 0.738045 0.315915 0.748175 0.316802 0.762020 0.318134 0.778902 0.319690 0.798145 0.318134 0.810977 0.316802 0.827183 0.312361 0.853860 0.301701 0.861624 0.315025 0.887960 0.385651 0.881885 0.386096 0.873779 0.389205 0.859599 0.392760 0.843729 0.394979 0.823469 0.396311 0.803213 0.394313 0.785313 0.389651
SF5 0 0.693068 0.237095 0.699825 0.236426 0.715353 0.238203 0.731564 0.238648 0.748782 0.237537 0.771404 0.234652 0.786937 0.228876 0.796055 0.225101 0.801118 0.229987 0.812261 0.240204 0.823404 0.251085 0.832516 0.262189 0.842987 0.277069 0.855479 0.301724 0.843323 0.306166 0.828466 0.311939 0.809223 0.317046 0.791664 0.319713 0.766000 0.318823 0.737975 0.316159
SF6 0 0.688120 0.234296 0.654085 0.182061 0.621669 0.127158 0.617213 0.108770 0.644361 0.122361 0.652872 0.127425 0.684070 0.140218 0.736336 0.169535 0.797925 0.224702 0.785363 0.229766 0.768752 0.235361 0.746466 0.238559 0.714050 0.238028 0.694602 0.236960
DT2 0 0.795414 0.224141 0.803920 0.219077 0.815263 0.211883 0.828231 0.198556 0.842411 0.180966 0.848892 0.171906 0.861048 0.176703 0.877664 0.182565 0.894276 0.189496 0.910481 0.196426 0.925068 0.205219 0.931549 0.213215 0.931955 0.224675 0.927905 0.235602 0.921424 0.247593 0.912100 0.268915 0.902376 0.272648 0.880902 0.284108 0.853353 0.301962 0.849704 0.291302 0.839574 0.273445 0.828231 0.257188 0.813238 0.241464 0.802301 0.231072
IH10 0 0.734195 0.169314 0.766551 0.123785 0.850967 0.171906 0.845338 0.177827 0.838867 0.187639 0.828737 0.198928 0.813544 0.212994 0.796381 0.223914
IH9 0 0.614897 0.107481 0.615870 0.098206 0.616356 0.087013 0.618301 0.076459 0.623163 0.061428 0.643098 0.066545 0.667895 0.075500 0.691233 0.084774 0.728185 0.102364 0.768055 0.124748 0.750551 0.147135 0.735965 0.169522 0.706792 0.153531 0.679564 0.139459 0.646015 0.123788 0.627053 0.114514
IH8 0 0.478406 0.084500 0.497358 0.044659 0.540150 0.046970 0.565549 0.049542 0.586070 0.053139 0.609709 0.058282 0.623779 0.060851 0.618311 0.078203 0.616160 0.098638 0.614206 0.108793 0.601113 0.103650 0.584877 0.097995 0.566897 0.093755 0.547965 0.089641 0.529404 0.086944 0.512596 0.085658 0.491669 0.084758
IH7 0 0.360927 0.107369 0.352150 0.059397 0.375444 0.054955 0.407860 0.050514 0.435549 0.047850 0.466947 0.045407 0.500035 0.045628 0.496321 0.045407 0.493283 0.052957 0.480115 0.085160 0.470662 0.085384 0.451419 0.086937 0.427779 0.090267 0.407183 0.094932 0.391990 0.099153 0.370717 0.106037
IH6 0 0.236306 0.099004 0.248406 0.092898 0.267539 0.084754 0.288922 0.076611 0.307213 0.070689 0.319594 0.066986 0.336476 0.063469 0.350546 0.059769 0.353358 0.059397 0.354767 0.073093 0.361238 0.108075 0.349699 0.112700 0.339850 0.116588 0.323253 0.123063 0.305243 0.132133 0.263880 0.153788 0.257409 0.149344 0.252065 0.143422 0.246717 0.135094 0.242216 0.126950 0.238837 0.114365 0.236867 0.104926
IH5 0 0.147008 0.168467 0.155113 0.160204 0.172130 0.144748 0.188742 0.130890 0.204541 0.118895 0.215885 0.110900 0.227233 0.103706 0.236551 0.099176 0.238982 0.111968 0.242627 0.125292 0.248301 0.137019 0.254782 0.146080 0.264912 0.153544 0.252351 0.162338 0.234526 0.174863 0.215885 0.187656 0.201303 0.198051 0.188742 0.202849 0.182256 0.206311 0.172937 0.198582 0.160782 0.187656 0.152682 0.179126 0.148221 0.173531
IH4 0 0.082010 0.250082 0.082010 0.240491 0.080501 0.235981 0.081865 0.226195 0.086581 0.214873 0.096692 0.205312 0.105835 0.198882 0.118331 0.190439 0.131845 0.180237 0.145995 0.169555 0.153774 0.178447 0.165589 0.191335 0.183143 0.204863 0.168942 0.212859 0.156155 0.220854 0.146677 0.231982 0.144732 0.238955 0.148667 0.250626 0.164130 0.275796 0.158782 0.275414 0.147504 0.269881 0.134276 0.263963 0.119689 0.258783 0.100536 0.252835 0.086727 0.249891
IH3 0 0.083564 0.249189 0.098637 0.251747 0.114195 0.256225 0.135589 0.264220 0.154551 0.272535 0.166221 0.278612 0.169138 0.289166 0.177404 0.304197 0.187128 0.317949 0.198797 0.333620 0.216301 0.353129 0.201714 0.351850 0.187614 0.348652 0.171569 0.345134 0.156982 0.340656 0.145799 0.337138 0.138506 0.329463 0.127810 0.318269 0.119544 0.308035 0.106902 0.293963 0.098150 0.279571 0.088912 0.265180 0.085023 0.256545
IH2 0 0.152261 0.339087 0.163799 0.342417 0.184055 0.347415 0.199815 0.351118 0.216697 0.354817 0.226541 0.358520 0.235830 0.365922 0.249053 0.375730 0.265935 0.385727 0.289850 0.398127 0.322211 0.414042 0.309268 0.413673 0.289008 0.412562 0.265373 0.410524 0.237519 0.407936 0.230762 0.402938 0.218381 0.395536 0.204316 0.386835 0.193343 0.378506 0.182932 0.369624 0.171113 0.360000 0.160982 0.351487 0.152541 0.342974
IH1 0 0.249459 0.409341 0.259068 0.409805 0.267744 0.410422 0.279233 0.411194 0.293068 0.412888 0.307609 0.413350 0.322381 0.413505 0.330115 0.416436 0.342075 0.421217 0.355439 0.424919 0.371148 0.430162 0.387328 0.434481 0.402336 0.439416 0.433288 0.448206 0.424140 0.448055 0.411479 0.447435 0.394130 0.446357 0.368336 0.442654 0.348170 0.439416 0.324957 0.434942 0.301744 0.429545 0.281579 0.423376 0.263288 0.417207 0.252737 0.412733
AH8 0 0.623684 0.624177 0.633815 0.617293 0.650697 0.605302 0.668927 0.590864 0.686822 0.577316 0.702020 0.564214 0.712822 0.550445 0.724977 0.555331 0.740511 0.562661 0.754692 0.572430 0.746586 0.582868 0.733419 0.597082 0.718561 0.608187 0.708431 0.618404 0.691890 0.630175 0.678045 0.640613 0.657449 0.647056 0.647659 0.648164 0.645629 0.643056 0.641243 0.637283 0.633138 0.630620 0.627398 0.627287
AH9 0 0.712967 0.551744 0.718802 0.541381 0.728135 0.526799 0.732802 0.514135 0.736887 0.496096 0.736887 0.475757 0.733213 0.461325 0.743303 0.461596 0.757484 0.463475 0.770496 0.466393 0.788291 0.472265 0.791559 0.473877 0.791148 0.485582 0.791559 0.502123 0.789925 0.513290 0.787880 0.521846 0.784266 0.531672 0.776972 0.542878 0.768045 0.554085 0.753459 0.572199 0.745754 0.566597 0.735253 0.560455 0.722652 0.554085
AH10 0 0.734637 0.460138 0.732206 0.449743 0.729774 0.441213 0.726531 0.432687 0.722075 0.418028 0.717619 0.406034 0.713564 0.397240 0.710326 0.388978 0.705870 0.378853 0.698170 0.362061 0.704246 0.362061 0.713163 0.363927 0.726531 0.366591 0.741930 0.370590 0.757323 0.375654 0.772722 0.382582 0.773534 0.387913 0.774747 0.393508 0.776772 0.400171 0.780015 0.407102 0.785689 0.419093 0.787308 0.431886 0.787714 0.445480 0.789333 0.455605 0.788927 0.471596 0.773534 0.467867 0.755704 0.462803 0.741118 0.461738
AH11 0 0.694962 0.360956 0.680105 0.340745 0.664571 0.320755 0.648030 0.299436 0.653429 0.298991 0.666596 0.299436 0.685845 0.301434 0.703404 0.304764 0.737168 0.313650 0.742571 0.324530 0.771945 0.381164 0.760125 0.377389 0.747634 0.373168 0.738857 0.370059 0.726361 0.366729 0.709479 0.363399 0.702391 0.362288
AH12 0 0.649143 0.299591 0.593228 0.226301 0.599709 0.225767 0.608627 0.224435 0.624426 0.224167 0.638607 0.225236 0.652787 0.227099 0.664541 0.229499 0.687228 0.233762 0.692090 0.237494 0.698576 0.248955 0.711539 0.268942 0.718025 0.280135 0.727749 0.295061 0.735850 0.311850 0.730180 0.312651 0.707895 0.305720 0.687228 0.301724 0.664942 0.299858
AH13 0 0.594526 0.227313 0.590637 0.225074 0.566326 0.195651 0.531318 0.151836 0.544446 0.150237 0.561950 0.147679 0.584802 0.147679 0.604251 0.149918 0.638286 0.157273 0.651414 0.177102 0.689338 0.234349 0.678155 0.233389 0.666486 0.230511 0.647524 0.226673 0.631479 0.224754 0.613975 0.224435 0.605223 0.224754
AH14 0 0.479439 0.084916 0.492947 0.084029 0.511855 0.084916 0.532115 0.087138 0.555414 0.091134 0.580737 0.096911 0.606060 0.104461 0.615850 0.107346 0.617203 0.112901 0.621253 0.125338 0.630030 0.140884 0.637799 0.157761 0.629018 0.155097 0.608762 0.151322 0.589850 0.148879 0.565880 0.148213 0.546632 0.149324 0.532115 0.153544
AH15 0 0.361434 0.108117 0.375048 0.104283 0.396441 0.097887 0.421724 0.091490 0.452356 0.086693 0.480556 0.083495 0.534040 0.153211 0.524802 0.154171 0.507784 0.158968 0.482501 0.169522 0.455273 0.187432 0.441659 0.176558 0.363378 0.112595
AH16 0 0.453970 0.187923 0.464100 0.181527 0.479088 0.171665 0.498536 0.163139 0.520416 0.155143 0.530952 0.151945 0.592942 0.227633 0.583624 0.229232 0.567419 0.234830 0.542702 0.244955 0.530546 0.251085 0.512316 0.235094 0.484762 0.211909 0.462882 0.193254
AH17 0 0.550521 0.314036 0.554977 0.306574 0.556602 0.298579 0.552952 0.286053 0.542822 0.268994 0.530667 0.251141 0.541203 0.245275 0.558221 0.237814 0.577669 0.231151 0.593875 0.226353 0.646952 0.299110 0.636015 0.299911 0.622241 0.300709 0.606842 0.302575 0.591444 0.304708 0.575238 0.308440 0.560652 0.311902
AH18 0 0.540456 0.319133 0.551153 0.314016 0.564281 0.310818 0.581298 0.306660 0.603664 0.302822 0.626030 0.299944 0.649368 0.299624 0.694586 0.358790 0.681459 0.354313 0.662496 0.348236 0.647424 0.343439 0.626030 0.336723 0.601719 0.330646 0.575464 0.325849 0.554070 0.322651 0.545318 0.321691
AH1 0 0.589649 0.616762 0.598426 0.608767 0.614296 0.593663 0.634892 0.571009 0.646712 0.556574 0.653464 0.543027 0.661569 0.542136 0.679128 0.543248 0.697358 0.546357 0.714241 0.550132 0.705799 0.559683 0.693308 0.571675 0.680140 0.583225 0.663594 0.595219 0.649073 0.606990 0.623078 0.623867 0.606867 0.619205 0.594712 0.618094
AH2 0 0.654341 0.542559 0.657043 0.536340 0.662110 0.524349 0.667173 0.507247 0.669534 0.495256 0.671564 0.477709 0.671564 0.457056 0.681018 0.456166 0.694185 0.456611 0.711068 0.457943 0.736391 0.460831 0.735378 0.467936 0.736727 0.479041 0.737404 0.492146 0.734702 0.507026 0.728962 0.523904 0.720857 0.539228 0.713769 0.550778 0.705328 0.548556 0.692160 0.545226 0.683043 0.543894 0.667173 0.542783
AH3 0 0.670516 0.457699 0.670516 0.449924 0.664436 0.431490 0.657348 0.415279 0.642827 0.394847 0.628982 0.383742 0.614130 0.373749 0.624932 0.371747 0.645529 0.367527 0.677945 0.363531 0.696516 0.362420 0.705970 0.380188 0.718125 0.408615 0.723865 0.423274 0.735008 0.460808 0.719138 0.458586 0.696852 0.457033 0.681995 0.456588
AH4 0 0.488531 0.348816 0.495013 0.342153 0.506356 0.333623 0.517704 0.327494 0.537960 0.320300 0.547684 0.322163 0.561058 0.323231 0.580912 0.326960 0.605223 0.331227 0.625073 0.336024 0.647358 0.342420 0.696792 0.360541 0.691524 0.361876 0.677749 0.363739 0.651414 0.366937 0.639659 0.369070 0.623048 0.372268 0.613323 0.374665 0.605223 0.370135 0.597524 0.366937 0.582125 0.361876 0.565920 0.357343 0.549308 0.353614 0.529860 0.350946 0.511218 0.350148
AH5 0 0.375278 0.326799 0.380060 0.321985 0.388221 0.315879 0.396100 0.311807 0.417484 0.303848 0.427048 0.305513 0.437459 0.307362 0.457158 0.311065 0.482201 0.314210 0.535378 0.320874 0.526376 0.323650 0.519619 0.326799 0.509774 0.331609 0.498516 0.338826 0.486982 0.349008 0.476010 0.347712 0.460251 0.345674 0.439995 0.341418 0.426206 0.338642 0.405664 0.334570 0.386531 0.329759
AH6 0 0.268917 0.293297 0.273699 0.287006 0.284110 0.280712 0.302401 0.272941 0.317594 0.269608 0.329975 0.274049 0.356426 0.284969 0.382030 0.293482 0.417203 0.303848 0.403694 0.308658 0.391313 0.314398 0.380060 0.321058 0.375559 0.326799 0.360647 0.322539 0.325193 0.312545 0.298461 0.303106 0.277078 0.296073
AH7 0 0.144832 0.233333 0.151023 0.226485 0.161995 0.216123 0.180847 0.205387 0.192105 0.211124 0.216862 0.223155 0.241063 0.234814 0.317033 0.270165 0.309153 0.271645 0.298742 0.274049 0.289739 0.278493 0.279328 0.283488 0.272857 0.289225 0.267509 0.292559 0.249504 0.284045 0.225870 0.272941 0.197729 0.259984 0.176627 0.249248 0.153835 0.237774
TF1 0 0.477108 0.280373 0.493053 0.273587 0.507123 0.264797 0.528932 0.253076 0.536902 0.261556 0.551439 0.283304 0.555424 0.294408 0.555424 0.305513 0.553784 0.313379 0.543469 0.318470 0.514391 0.302892
TF2 0 0.422852 0.303248 0.435278 0.298928 0.454271 0.291372 0.477018 0.281190 0.490145 0.287976 0.521333 0.306175 0.540792 0.318206 0.533293 0.321137 0.503043 0.316663 0.464591 0.311883 0.432937 0.306792
TF3 0 0.418747 0.211401 0.454481 0.186785 0.530737 0.251747 0.502035 0.267481
TF4 0 0.363459 0.245354 0.421198 0.210709 0.502907 0.267343 0.452261 0.292216
TF5 0 0.316947 0.269443 0.362812 0.245565 0.452852 0.291836 0.419368 0.304421 0.383634 0.294428 0.339459 0.279252
TF6 0 0.305028 0.132222 0.314752 0.127158 0.332982 0.118628 0.360536 0.108236 0.455348 0.187923 0.419288 0.212443
TF7 0 0.233835 0.175664 0.247208 0.165536 0.272326 0.149545 0.305148 0.131421 0.419409 0.212443 0.365113 0.246555 0.310416 0.215905 0.249639 0.183660
TF8 0 0.182346 0.206090 0.195514 0.199426 0.215098 0.188767 0.233669 0.175440 0.365348 0.246954 0.359950 0.248289 0.337323 0.259835 0.314702 0.270274 0.294446 0.259393 0.265068 0.247178 0.244812 0.237626 0.204967 0.218084
ST1 0 0.183419 0.494029 0.190095 0.489133 0.202927 0.481705 0.219098 0.476133 0.239629 0.472588 0.259910 0.470900 0.281213 0.474276 0.303028 0.480353 0.317915 0.487784 0.330236 0.497237 0.327669 0.498589 0.317659 0.498417 0.309444 0.496901 0.299434 0.494537 0.279414 0.497069 0.236807 0.527966 0.211910 0.513106 0.188551 0.500109 0.184957 0.496561
ST2 0 0.170581 0.556100 0.208040 0.561625 0.237574 0.526881 0.181629 0.494029 0.178506 0.497346 0.178025 0.503663 0.178266 0.511876 0.178747 0.523722 0.178266 0.534303 0.175383 0.548203 0.172742 0.553571
ST3 0 0.117569 0.613195 0.179915 0.621853 0.183143 0.605025 0.192336 0.583623 0.204256 0.566795 0.172466 0.556011 0.166005 0.564346 0.149860 0.577903 0.133469 0.590650 0.123033 0.602249
ST4 0 0.117815 0.613182 0.177414 0.614468 0.178145 0.627962 0.180832 0.640013 0.181810 0.645315 0.181810 0.650936 0.180586 0.654309 0.139799 0.668450 0.137353 0.662826 0.134180 0.654632 0.126852 0.640814 0.120256 0.629248 0.120256 0.629248
ST5 0 0.139393 0.667718 0.157674 0.703920 0.199188 0.691019 0.194426 0.684629 0.190997 0.674233 0.190236 0.665964 0.182241 0.653314
IT2 0 0.158687 0.704405 0.197925 0.689855 0.205995 0.695483 0.212777 0.698882 0.222140 0.701962 0.234411 0.703660 0.248942 0.704936 0.265088 0.703980 0.267669 0.713323 0.273158 0.721395 0.265248 0.722671 0.256531 0.724158 0.245068 0.726386 0.232150 0.727343 0.218912 0.727873 0.205674 0.726917 0.192757 0.724474 0.179840 0.720439 0.169343 0.714916
CW1 0 0.264436 0.703815 0.275333 0.701678 0.286421 0.699542 0.296361 0.695770 0.308596 0.689103 0.324276 0.677158 0.333454 0.668985 0.336892 0.668355 0.343203 0.670491 0.347789 0.673386 0.355629 0.679545 0.397113 0.712872 0.274757 0.721925 0.266922 0.713623
CW2 0 0.339313 0.665397 0.384657 0.631012 0.398261 0.633818 0.411328 0.639083 0.427599 0.645925 0.451604 0.658032 0.470271 0.670135 0.498546 0.696627 0.487875 0.701714 0.475609 0.705048 0.457203 0.709258 0.434531 0.711187 0.396657 0.713469
CW3 0 0.407945 0.635750 0.416356 0.635750 0.429990 0.637850 0.443048 0.638424 0.458421 0.638424 0.479023 0.636515 0.503393 0.632888 0.519348 0.629261 0.537915 0.625638 0.554451 0.621629 0.576211 0.618576 0.588687 0.618005 0.582301 0.625447 0.573308 0.636706 0.553293 0.655786 0.535594 0.672199 0.512095 0.689565 0.499328 0.696433 0.492075 0.691474 0.483664 0.681932 0.465965 0.668764 0.448561 0.657504 0.426511 0.646248
CW4 0 0.506797 0.629894 0.516286 0.625572 0.529794 0.617649 0.546581 0.607326 0.557168 0.598203 0.564832 0.591240 0.572862 0.583798 0.580526 0.575397 0.587459 0.566515 0.599870 0.546588 0.609724 0.546106 0.622862 0.544665 0.652792 0.542265 0.651333 0.549228 0.642206 0.562193 0.630526 0.576116 0.611915 0.595321 0.589283 0.617409 0.573223 0.619331 0.551328 0.622450 0.525048 0.629172 0.513368 0.630854
CW5 0 0.601323 0.546686 0.604110 0.540046 0.608632 0.533406 0.611769 0.525391 0.615945 0.515315 0.619429 0.502720 0.621168 0.491500 0.620817 0.478678 0.618732 0.470663 0.628476 0.467455 0.642401 0.462648 0.670602 0.456921 0.671649 0.465625 0.670952 0.480739 0.670256 0.492875 0.667820 0.506614 0.661549 0.524474 0.654586 0.543482
CW6 0 0.575714 0.412097 0.580536 0.404491 0.584391 0.396248 0.592100 0.388322 0.602221 0.381032 0.615233 0.373739 0.626321 0.381982 0.640296 0.393393 0.651383 0.406710 0.662952 0.422878 0.667769 0.439997 0.672105 0.457432 0.661023 0.458701 0.646561 0.461553 0.632586 0.466311 0.620536 0.470429 0.616682 0.464088 0.610897 0.453627 0.601739 0.441263 0.588246 0.426680
CW7 0 0.575318 0.412453 0.579624 0.404520 0.585654 0.396584 0.591684 0.388652 0.598576 0.382700 0.611930 0.374768 0.606762 0.370801 0.592977 0.365701 0.579193 0.360317 0.557654 0.355216 0.541288 0.352384 0.525779 0.350399 0.503378 0.349268 0.487439 0.348985 0.483133 0.354369 0.480546 0.363436 0.480546 0.372786 0.481840 0.375051 0.489594 0.375902 0.502516 0.378450 0.519749 0.382700 0.535684 0.388935 0.554642 0.398002 0.565409 0.405651
CW8 0 0.380045 0.358246 0.376541 0.352387 0.373679 0.345061 0.372406 0.338991 0.372406 0.332295 0.375589 0.326851 0.397223 0.332295 0.421409 0.337735 0.443043 0.342341 0.462135 0.345061 0.488862 0.349037 0.484090 0.355526 0.480907 0.361177 0.481865 0.375199 0.470727 0.373736 0.456090 0.372479 0.443363 0.370804 0.422361 0.367666
CW9 0 0.377669 0.356752 0.375564 0.347883 0.372190 0.338460 0.375564 0.326541 0.358712 0.322664 0.327108 0.312410 0.283714 0.297999 0.269810 0.293564 0.268546 0.299937 0.268967 0.308530 0.272757 0.320168 0.277815 0.325711 0.290877 0.330145 0.319103 0.339845
CW10 0 0.277639 0.324923 0.267308 0.322262 0.252481 0.316944 0.229123 0.307488 0.166682 0.280010 0.159048 0.268190 0.149163 0.252529 0.144672 0.236574 0.145123 0.233030 0.156802 0.237755 0.167579 0.243666 0.179258 0.250462 0.198125 0.259327 0.212501 0.267303 0.225980 0.273215 0.270451 0.292713 0.268206 0.299215 0.268652 0.307488 0.272697 0.316353
IC1 0 0.298431 0.494886 0.305258 0.495704 0.314571 0.498154 0.322647 0.498358 0.333509 0.498562 0.345308 0.499993 0.358346 0.501012 0.372005 0.503462 0.384732 0.506525 0.394356 0.508160 0.386281 0.517554 0.379764 0.524698 0.370451 0.537359 0.349343 0.562681 0.333198 0.558800 0.311779 0.555124 0.284461 0.549815 0.261799 0.545526 0.272667 0.525312 0.285704 0.501830
IC2 0 0.349213 0.562140 0.356135 0.553712 0.392150 0.508846 0.400110 0.509074 0.422276 0.514082 0.494642 0.528203 0.481138 0.543465 0.446165 0.581045
IC3 0 0.445449 0.579634 0.456190 0.569792 0.468085 0.557425 0.486120 0.537234 0.496100 0.527392 0.526025 0.533449 0.564396 0.540264 0.600466 0.547329 0.594326 0.556416 0.586652 0.567016 0.578977 0.578625 0.564782 0.592001 0.554802 0.602097
IC4 0 0.264035 0.544972 0.349033 0.562051 0.302090 0.619829 0.236657 0.610237 
IC5 0 0.300952 0.619008 0.350386 0.561464 0.446757 0.579710 0.383103 0.632341
IC6 0 0.383078 0.631540 0.445404 0.579383 0.553093 0.600109 0.543398 0.608991 0.533013 0.616053 0.504271 0.631540 0.481764 0.637006 0.459950 0.638602 0.431900 0.637916 0.405584 0.635641
IC7 0 0.191629 0.665691 0.205649 0.654164 0.216160 0.642638 0.236692 0.610363 0.242195 0.609703 0.302281 0.619911 0.234687 0.704550 0.220165 0.702245 0.208652 0.698292 0.198637 0.690389 0.192130 0.677873
IC8 0 0.233088 0.703805 0.301704 0.618167 0.383955 0.632054 0.370757 0.641312 0.353604 0.654042 0.329414 0.671978 0.314020 0.686446 0.294226 0.696861 0.270035 0.703225 0.254201 0.704962
CR1 0 0.394677 0.507550 0.402762 0.503228 0.413378 0.495252 0.423990 0.485945 0.431063 0.477300 0.438140 0.466330 0.439654 0.449047 0.533148 0.462341 0.535674 0.473643 0.531634 0.488269 0.520010 0.508216 0.502321 0.524171 0.495248 0.529156 0.407313 0.511540
CR2 0 0.495449 0.528124 0.505178 0.520508 0.517684 0.509232 0.525098 0.500092 0.530657 0.487903 0.534361 0.471754 0.532511 0.461395 0.618677 0.471754 0.622842 0.480590 0.621454 0.492779 0.617283 0.514108 0.600145 0.547933 0.600145 0.547933
SC1 0 0.439218 0.448361 0.444190 0.436014 0.451088 0.422212 0.458266 0.406775 0.471794 0.408773 0.486982 0.412770 0.502441 0.419486 0.518175 0.431474 0.532531 0.455081 0.533363 0.462163
SC2 0 0.333258 0.415717 0.342516 0.407247 0.363439 0.386601 0.460020 0.406716 0.438291 0.450129 0.377925 0.432657 0.344125 0.421540
SC3 0 0.225995 0.357669 0.233404 0.366093 0.250586 0.376729 0.274511 0.390247 0.294722 0.400442 0.320667 0.412628 0.333133 0.417946 0.363118 0.386037
SC4 0 0.533308 0.461909 0.531373 0.454280 0.526957 0.445018 0.515639 0.428493 0.574165 0.411968 0.585759 0.422321 0.603153 0.440844 0.616957 0.463360 0.619995 0.472984
SC5 0 0.458902 0.406957 0.480160 0.374814 0.492311 0.376630 0.512461 0.380264 0.530957 0.386799 0.551940 0.396245 0.573749 0.411860 0.564090 0.415856 0.515499 0.428747 0.509148 0.425298 0.501970 0.420033 0.488722 0.413495 0.476020 0.410224 0.465529 0.408229
SC6 0 0.364271 0.386525 0.382617 0.358602 0.396501 0.361362 0.413013 0.365671 0.430566 0.368945 0.449960 0.371873 0.480095 0.374461 0.458867 0.407896 0.428732 0.400313 0.387333 0.391695
SC7 0 0.241559 0.359954 0.280642 0.326268 0.382386 0.359067 0.364867 0.386324
SC8 0 0.167815 0.280201 0.280932 0.327128 0.241749 0.358981 0.216241 0.355091 0.198867 0.334421 0.179273 0.309377 0.168922 0.288711