yang-brain-red 0 0.647177 0.113837 0.644355 0.117272 0.644355 0.123651 0.647177 0.127085 0.650806 0.127085 0.653226 0.124141 0.653226 0.122669 0.654032 0.121688 0.654032 0.115800 0.652823 0.114328 0.651613 0.113837 0.647177 0.113837

back-neck-1-red 0 0.648387 0.154563 0.646371 0.156035 0.644758 0.157998 0.644355 0.158979 0.644355 0.162905 0.645565 0.164377 0.646371 0.164377 0.647177 0.165358 0.649597 0.165358 0.652823 0.161433 0.653226 0.159961 0.653226 0.157017 0.652823 0.156035 0.651613 0.154563 0.648387 0.154563

back-neck-2-red 0 0.646371 0.187929 0.644355 0.189892 0.642742 0.191855 0.642339 0.192836 0.642339 0.196271 0.644355 0.198724 0.646371 0.200687 0.647984 0.200687 0.650806 0.200196 0.652016 0.199215 0.653629 0.197252 0.654032 0.197252 0.655242 0.195780 0.655242 0.193817 0.654032 0.192345 0.654032 0.191364 0.652823 0.189892 0.652016 0.189401 0.651210 0.189401 0.650000 0.187929 0.646371 0.187929

back-shoulder-left-red 0 0.582258 0.230128 0.581452 0.230618 0.580645 0.231109 0.578629 0.233562 0.578629 0.239450 0.579032 0.240432 0.580645 0.242395 0.581452 0.242885 0.585484 0.242885 0.586694 0.240922 0.587903 0.240432 0.589919 0.237978 0.589919 0.236016 0.589113 0.235034 0.589113 0.231600 0.587903 0.230128 0.582258 0.230128

back-shoulder-right-red 0 0.709677 0.232090 0.708468 0.233562 0.708468 0.239450 0.711694 0.243376 0.715726 0.243376 0.716532 0.242885 0.717742 0.241413 0.717742 0.233562 0.716532 0.232090 0.709677 0.232090

Lumbar1-red 0 0.645968 0.349362 0.644758 0.350343 0.642742 0.352797 0.642742 0.358194 0.643952 0.359666 0.644758 0.360648 0.645968 0.362120 0.650000 0.362120 0.652823 0.358685 0.652823 0.350834 0.651613 0.349362 0.645968 0.349362

Lumbar2-red 0 0.644758 0.369480 0.643548 0.370952 0.643548 0.378312 0.643952 0.379293 0.645968 0.381747 0.649597 0.381747 0.650403 0.380765 0.651210 0.380765 0.653226 0.378312 0.653226 0.375368 0.652823 0.372915 0.650403 0.369971 0.649597 0.369480 0.644758 0.369480

Lumbar3-red 0 0.646371 0.396958 0.644758 0.397448 0.643952 0.397939 0.642742 0.399411 0.642742 0.407262 0.643952 0.408734 0.644758 0.409225 0.647177 0.409225 0.649597 0.408734 0.651613 0.408243 0.652823 0.406771 0.654032 0.404809 0.654032 0.401374 0.653629 0.400393 0.652823 0.398921 0.651613 0.397448 0.650403 0.396958 0.646371 0.396958

left-calf-muscle-red 0 0.605242 0.697252 0.604435 0.697743 0.602823 0.699215 0.601613 0.700687 0.601210 0.702159 0.601210 0.708047 0.601613 0.709519 0.602823 0.710991 0.605242 0.711482 0.611290 0.711482 0.612500 0.710010 0.612500 0.708538 0.614113 0.706575 0.614113 0.702159 0.613710 0.700687 0.612903 0.699706 0.612903 0.698724 0.611694 0.697252 0.605242 0.697252

right-calf-muscle-red 0 0.680645 0.695780 0.679435 0.697252 0.679032 0.699706 0.679032 0.708047 0.680242 0.709519 0.681048 0.709519 0.682258 0.710991 0.686290 0.710991 0.689516 0.707066 0.689516 0.702159 0.690323 0.701178 0.690323 0.697252 0.689113 0.695780 0.680645 0.695780

back-heel-left-red 0 0.608065 0.850834 0.606855 0.851325 0.605645 0.852797 0.605645 0.860648 0.607258 0.862610 0.608468 0.863101 0.614113 0.863101 0.615323 0.862120 0.616532 0.860648 0.616935 0.855741 0.616935 0.852306 0.615726 0.850834 0.608065 0.850834

back-heel-right-red 0 0.677823 0.853778 0.676613 0.855250 0.676613 0.859666 0.677016 0.861138 0.677823 0.862610 0.679032 0.864082 0.683871 0.864082 0.685081 0.862610 0.685887 0.861138 0.685887 0.856232 0.684677 0.854760 0.683468 0.853778 0.677823 0.853778


scapula-left-red 0 0.606452 0.251227 0.605242 0.252699 0.605242 0.259078 0.606452 0.260550 0.610887 0.260550 0.612097 0.259078 0.612500 0.257115 0.612500 0.252699 0.611290 0.251227 0.606452 0.251227

thorasic-1-red 0 0.647177 0.244848 0.645565 0.246811 0.645565 0.251227 0.646774 0.252699 0.651210 0.252699 0.652419 0.251227 0.652419 0.246320 0.651210 0.244848 0.647177 0.244848

scapula-right-red 0 0.692339 0.246811 0.691129 0.247792 0.689516 0.249755 0.689516 0.252699 0.691532 0.255152 0.692339 0.255643 0.695968 0.255643 0.697177 0.254171 0.697177 0.250245 0.696774 0.248773 0.695161 0.246811 0.692339 0.246811

thorasic-2-red 0 0.648387 0.292934 0.646371 0.293425 0.645565 0.293916 0.645161 0.294406 0.644758 0.295388 0.644758 0.299313 0.645565 0.300294 0.645565 0.301766 0.646774 0.303238 0.652419 0.303238 0.653629 0.301766 0.653629 0.294897 0.652016 0.292934 0.648387 0.292934

left-back-red 0 0.612097 0.413641 0.610484 0.415604 0.610081 0.417076 0.610081 0.421982 0.611290 0.423454 0.616935 0.423454 0.618145 0.421982 0.618145 0.415113 0.616935 0.413641 0.612097 0.413641


right-back-red 0 0.686694 0.413150 0.685081 0.415113 0.685081 0.419038 0.687500 0.421982 0.690726 0.421982 0.691532 0.421001 0.692339 0.421001 0.693548 0.419529 0.693548 0.414622 0.692339 0.413150 0.686694 0.413150


hip-left-red 0 0.616935 0.451423 0.615323 0.451914 0.614516 0.452404 0.613710 0.452895 0.612500 0.453876 0.611694 0.454858 0.610887 0.456330 0.610484 0.457311 0.610081 0.458292 0.609677 0.459764 0.609677 0.463690 0.610081 0.465162 0.610484 0.466143 0.610887 0.467125 0.612097 0.469087 0.612500 0.469578 0.612903 0.469578 0.613710 0.470559 0.614516 0.471050 0.615323 0.471541 0.616935 0.472031 0.620161 0.472031 0.621774 0.471541 0.622581 0.471050 0.623387 0.470559 0.625000 0.469087 0.626210 0.467125 0.626613 0.466143 0.627016 0.465162 0.627419 0.463690 0.627419 0.459764 0.627016 0.458292 0.626613 0.457311 0.626210 0.456330 0.625403 0.455348 0.625403 0.454858 0.625000 0.454367 0.623387 0.452895 0.622581 0.452404 0.621774 0.451914 0.620161 0.451423 0.616935 0.451423

hip-right-red 0 0.681452 0.453386 0.679839 0.453876 0.678629 0.454367 0.677823 0.454858 0.676210 0.456330 0.675806 0.456820 0.675000 0.457802 0.674597 0.459274 0.673790 0.460255 0.673387 0.462218 0.673387 0.466143 0.673790 0.468106 0.675000 0.470559 0.676210 0.472031 0.677823 0.473503 0.678629 0.473994 0.679839 0.474485 0.681452 0.474975 0.684677 0.474975 0.686290 0.474485 0.688710 0.473013 0.689919 0.472031 0.691129 0.470559 0.692339 0.468106 0.692742 0.466143 0.692742 0.462218 0.692339 0.460255 0.691532 0.459274 0.691129 0.457802 0.690323 0.456820 0.689919 0.456330 0.689516 0.456330 0.688710 0.455348 0.686290 0.453876 0.684677 0.453386 0.681452 0.453386

tailbone-red 0 0.647984 0.433759 0.646774 0.434249 0.645968 0.434740 0.644758 0.435721 0.643145 0.437684 0.642339 0.439156 0.641935 0.440137 0.641532 0.441609 0.641532 0.445535 0.641935 0.447007 0.642339 0.447988 0.642742 0.448970 0.644758 0.451423 0.645968 0.452404 0.646774 0.452895 0.647984 0.453386 0.650806 0.453386 0.652419 0.452895 0.653226 0.452404 0.654032 0.451914 0.656452 0.448970 0.656855 0.447988 0.657258 0.447007 0.657661 0.445535 0.657661 0.441609 0.657258 0.440137 0.656855 0.439156 0.656048 0.437684 0.654032 0.435231 0.653226 0.434740 0.652419 0.434249 0.650806 0.433759 0.647984 0.433759

yang-brain-green 0 0.647177 0.113837 0.644355 0.117272 0.644355 0.123651 0.647177 0.127085 0.650806 0.127085 0.653226 0.124141 0.653226 0.122669 0.654032 0.121688 0.654032 0.115800 0.652823 0.114328 0.651613 0.113837 0.647177 0.113837

back-neck-1-green 0 0.648387 0.154563 0.646371 0.156035 0.644758 0.157998 0.644355 0.158979 0.644355 0.162905 0.645565 0.164377 0.646371 0.164377 0.647177 0.165358 0.649597 0.165358 0.652823 0.161433 0.653226 0.159961 0.653226 0.157017 0.652823 0.156035 0.651613 0.154563 0.648387 0.154563

back-neck-2-green 0 0.646371 0.187929 0.644355 0.189892 0.642742 0.191855 0.642339 0.192836 0.642339 0.196271 0.644355 0.198724 0.646371 0.200687 0.647984 0.200687 0.650806 0.200196 0.652016 0.199215 0.653629 0.197252 0.654032 0.197252 0.655242 0.195780 0.655242 0.193817 0.654032 0.192345 0.654032 0.191364 0.652823 0.189892 0.652016 0.189401 0.651210 0.189401 0.650000 0.187929 0.646371 0.187929

back-shoulder-left-green 0 0.582258 0.230128 0.581452 0.230618 0.580645 0.231109 0.578629 0.233562 0.578629 0.239450 0.579032 0.240432 0.580645 0.242395 0.581452 0.242885 0.585484 0.242885 0.586694 0.240922 0.587903 0.240432 0.589919 0.237978 0.589919 0.236016 0.589113 0.235034 0.589113 0.231600 0.587903 0.230128 0.582258 0.230128

back-shoulder-right-green 0 0.709677 0.232090 0.708468 0.233562 0.708468 0.239450 0.711694 0.243376 0.715726 0.243376 0.716532 0.242885 0.717742 0.241413 0.717742 0.233562 0.716532 0.232090 0.709677 0.232090

Lumbar1-green 0 0.645968 0.349362 0.644758 0.350343 0.642742 0.352797 0.642742 0.358194 0.643952 0.359666 0.644758 0.360648 0.645968 0.362120 0.650000 0.362120 0.652823 0.358685 0.652823 0.350834 0.651613 0.349362 0.645968 0.349362

Lumbar2-green 0 0.644758 0.369480 0.643548 0.370952 0.643548 0.378312 0.643952 0.379293 0.645968 0.381747 0.649597 0.381747 0.650403 0.380765 0.651210 0.380765 0.653226 0.378312 0.653226 0.375368 0.652823 0.372915 0.650403 0.369971 0.649597 0.369480 0.644758 0.369480

Lumbar3-green 0 0.646371 0.396958 0.644758 0.397448 0.643952 0.397939 0.642742 0.399411 0.642742 0.407262 0.643952 0.408734 0.644758 0.409225 0.647177 0.409225 0.649597 0.408734 0.651613 0.408243 0.652823 0.406771 0.654032 0.404809 0.654032 0.401374 0.653629 0.400393 0.652823 0.398921 0.651613 0.397448 0.650403 0.396958 0.646371 0.396958

left-calf-muscle-green 0 0.605242 0.697252 0.604435 0.697743 0.602823 0.699215 0.601613 0.700687 0.601210 0.702159 0.601210 0.708047 0.601613 0.709519 0.602823 0.710991 0.605242 0.711482 0.611290 0.711482 0.612500 0.710010 0.612500 0.708538 0.614113 0.706575 0.614113 0.702159 0.613710 0.700687 0.612903 0.699706 0.612903 0.698724 0.611694 0.697252 0.605242 0.697252

right-calf-muscle-green 0 0.680645 0.695780 0.679435 0.697252 0.679032 0.699706 0.679032 0.708047 0.680242 0.709519 0.681048 0.709519 0.682258 0.710991 0.686290 0.710991 0.689516 0.707066 0.689516 0.702159 0.690323 0.701178 0.690323 0.697252 0.689113 0.695780 0.680645 0.695780

back-heel-left-green 0 0.608065 0.850834 0.606855 0.851325 0.605645 0.852797 0.605645 0.860648 0.607258 0.862610 0.608468 0.863101 0.614113 0.863101 0.615323 0.862120 0.616532 0.860648 0.616935 0.855741 0.616935 0.852306 0.615726 0.850834 0.608065 0.850834

back-heel-right-green 0 0.677823 0.853778 0.676613 0.855250 0.676613 0.859666 0.677016 0.861138 0.677823 0.862610 0.679032 0.864082 0.683871 0.864082 0.685081 0.862610 0.685887 0.861138 0.685887 0.856232 0.684677 0.854760 0.683468 0.853778 0.677823 0.853778


scapula-left-green 0 0.606452 0.251227 0.605242 0.252699 0.605242 0.259078 0.606452 0.260550 0.610887 0.260550 0.612097 0.259078 0.612500 0.257115 0.612500 0.252699 0.611290 0.251227 0.606452 0.251227

thorasic-1-green 0 0.647177 0.244848 0.645565 0.246811 0.645565 0.251227 0.646774 0.252699 0.651210 0.252699 0.652419 0.251227 0.652419 0.246320 0.651210 0.244848 0.647177 0.244848

scapula-right-green 0 0.692339 0.246811 0.691129 0.247792 0.689516 0.249755 0.689516 0.252699 0.691532 0.255152 0.692339 0.255643 0.695968 0.255643 0.697177 0.254171 0.697177 0.250245 0.696774 0.248773 0.695161 0.246811 0.692339 0.246811

thorasic-2-green 0 0.648387 0.292934 0.646371 0.293425 0.645565 0.293916 0.645161 0.294406 0.644758 0.295388 0.644758 0.299313 0.645565 0.300294 0.645565 0.301766 0.646774 0.303238 0.652419 0.303238 0.653629 0.301766 0.653629 0.294897 0.652016 0.292934 0.648387 0.292934

left-back-green 0 0.612097 0.413641 0.610484 0.415604 0.610081 0.417076 0.610081 0.421982 0.611290 0.423454 0.616935 0.423454 0.618145 0.421982 0.618145 0.415113 0.616935 0.413641 0.612097 0.413641


right-back-green 0 0.686694 0.413150 0.685081 0.415113 0.685081 0.419038 0.687500 0.421982 0.690726 0.421982 0.691532 0.421001 0.692339 0.421001 0.693548 0.419529 0.693548 0.414622 0.692339 0.413150 0.686694 0.413150


hip-left-green 0 0.616935 0.451423 0.615323 0.451914 0.614516 0.452404 0.613710 0.452895 0.612500 0.453876 0.611694 0.454858 0.610887 0.456330 0.610484 0.457311 0.610081 0.458292 0.609677 0.459764 0.609677 0.463690 0.610081 0.465162 0.610484 0.466143 0.610887 0.467125 0.612097 0.469087 0.612500 0.469578 0.612903 0.469578 0.613710 0.470559 0.614516 0.471050 0.615323 0.471541 0.616935 0.472031 0.620161 0.472031 0.621774 0.471541 0.622581 0.471050 0.623387 0.470559 0.625000 0.469087 0.626210 0.467125 0.626613 0.466143 0.627016 0.465162 0.627419 0.463690 0.627419 0.459764 0.627016 0.458292 0.626613 0.457311 0.626210 0.456330 0.625403 0.455348 0.625403 0.454858 0.625000 0.454367 0.623387 0.452895 0.622581 0.452404 0.621774 0.451914 0.620161 0.451423 0.616935 0.451423

hip-right-green 0 0.681452 0.453386 0.679839 0.453876 0.678629 0.454367 0.677823 0.454858 0.676210 0.456330 0.675806 0.456820 0.675000 0.457802 0.674597 0.459274 0.673790 0.460255 0.673387 0.462218 0.673387 0.466143 0.673790 0.468106 0.675000 0.470559 0.676210 0.472031 0.677823 0.473503 0.678629 0.473994 0.679839 0.474485 0.681452 0.474975 0.684677 0.474975 0.686290 0.474485 0.688710 0.473013 0.689919 0.472031 0.691129 0.470559 0.692339 0.468106 0.692742 0.466143 0.692742 0.462218 0.692339 0.460255 0.691532 0.459274 0.691129 0.457802 0.690323 0.456820 0.689919 0.456330 0.689516 0.456330 0.688710 0.455348 0.686290 0.453876 0.684677 0.453386 0.681452 0.453386

tailbone-green 0 0.647984 0.433759 0.646774 0.434249 0.645968 0.434740 0.644758 0.435721 0.643145 0.437684 0.642339 0.439156 0.641935 0.440137 0.641532 0.441609 0.641532 0.445535 0.641935 0.447007 0.642339 0.447988 0.642742 0.448970 0.644758 0.451423 0.645968 0.452404 0.646774 0.452895 0.647984 0.453386 0.650806 0.453386 0.652419 0.452895 0.653226 0.452404 0.654032 0.451914 0.656452 0.448970 0.656855 0.447988 0.657258 0.447007 0.657661 0.445535 0.657661 0.441609 0.657258 0.440137 0.656855 0.439156 0.656048 0.437684 0.654032 0.435231 0.653226 0.434740 0.652419 0.434249 0.650806 0.433759 0.647984 0.433759


//Front Body

front-temple-right-red 0 0.330242 0.078999 0.329032 0.080471 0.329032 0.083415 0.329435 0.085378 0.330645 0.086850 0.333468 0.086850 0.334677 0.085868 0.335887 0.084396 0.335887 0.082434 0.333468 0.079490 0.331855 0.078999 0.330242 0.078999


Front-head-red 0 0.352016 0.075074 0.350000 0.077527 0.350000 0.080962 0.351210 0.082434 0.354435 0.082434 0.355645 0.080962 0.356452 0.079490 0.356452 0.077036 0.354839 0.075074 0.352016 0.075074

front-temple-left-red 0 0.372984 0.078999 0.371774 0.080471 0.371774 0.082924 0.372177 0.083906 0.373387 0.085378 0.375403 0.085378 0.376613 0.083906 0.376613 0.080471 0.375403 0.078999 0.372984 0.078999

front-throat-red 0 0.353629 0.176153 0.352419 0.177625 0.352419 0.180569 0.352823 0.181551 0.354032 0.183023 0.357258 0.183023 0.358468 0.181551 0.358468 0.177625 0.357258 0.176153 0.353629 0.176153

front-shoulder-right-red 0 0.280242 0.217861 0.279032 0.219333 0.279032 0.224239 0.280242 0.225711 0.283871 0.225711 0.285081 0.224239 0.285081 0.219823 0.283468 0.217861 0.280242 0.217861

front-shoulder-left-red 0 0.427016 0.214917 0.425806 0.216389 0.425806 0.217370 0.424194 0.219333 0.424194 0.222277 0.425403 0.223749 0.430645 0.223749 0.431452 0.223258 0.432661 0.221786 0.432661 0.216389 0.431452 0.214917 0.427016 0.214917

front-chest-right-red 0 0.307258 0.234053 0.306048 0.235525 0.306048 0.240922 0.307258 0.242395 0.312500 0.242395 0.313710 0.240922 0.313710 0.237488 0.313306 0.236016 0.312097 0.234544 0.310081 0.234053 0.307258 0.234053

front-chest-left-red 0 0.403629 0.232581 0.402016 0.234544 0.402016 0.240432 0.403226 0.241904 0.407661 0.241904 0.408468 0.241413 0.409677 0.240432 0.410887 0.238960 0.410887 0.235034 0.408871 0.232581 0.403629 0.232581

front-heart-red 0 0.358468 0.256133 0.357661 0.256624 0.356048 0.258587 0.356048 0.263494 0.357258 0.264966 0.358871 0.265456 0.362500 0.265456 0.364113 0.263494 0.364113 0.257605 0.362903 0.256133 0.358468 0.256133

front-hypochondriac-right-red 0 0.314919 0.311580 0.313710 0.313052 0.313710 0.317959 0.314113 0.319431 0.315323 0.320903 0.319355 0.320903 0.320968 0.318940 0.321371 0.317959 0.321371 0.316977 0.322984 0.315015 0.322984 0.313052 0.321774 0.311580 0.314919 0.311580

front-epigastric-red 0 0.356452 0.310108 0.354435 0.312561 0.354435 0.317959 0.355645 0.319431 0.360081 0.319431 0.360887 0.318940 0.362097 0.317468 0.362097 0.311580 0.360887 0.310108 0.356452 0.310108

front-hypochondriac-left-red 0 0.392339 0.310599 0.391532 0.311089 0.390323 0.312561 0.390323 0.318940 0.392339 0.321394 0.393145 0.321884 0.396371 0.321884 0.398790 0.318940 0.400000 0.316977 0.400000 0.314524 0.398790 0.313052 0.397177 0.311580 0.396371 0.311580 0.395565 0.310599 0.392339 0.310599

front-lumbar-right-red 0 0.323387 0.347399 0.322581 0.348381 0.321774 0.348381 0.320565 0.349853 0.320161 0.352306 0.320161 0.361629 0.321371 0.363101 0.322984 0.363101 0.323790 0.362120 0.326210 0.362120 0.327419 0.360648 0.327419 0.359666 0.329435 0.357213 0.329435 0.349853 0.327419 0.347399 0.323387 0.347399

front-umbilical-red 0 0.356855 0.342983 0.355645 0.344455 0.355645 0.345437 0.353629 0.347890 0.353629 0.352306 0.354839 0.353778 0.356048 0.353778 0.357661 0.355741 0.363306 0.355741 0.364113 0.354760 0.366129 0.354760 0.367339 0.353288 0.367339 0.352797 0.368952 0.350834 0.369355 0.348381 0.369355 0.346418 0.368952 0.345437 0.367742 0.343965 0.366935 0.343965 0.366129 0.342983 0.356855 0.342983

front-lumbar-left-red 0 0.387903 0.342983 0.386694 0.344455 0.386290 0.346418 0.386290 0.351816 0.386694 0.354269 0.387903 0.355741 0.390323 0.355741 0.391532 0.354760 0.392742 0.353288 0.393952 0.353288 0.395161 0.351816 0.395161 0.344455 0.393952 0.342983 0.387903 0.342983

front-iliac-right-red 0 0.323790 0.398430 0.322581 0.399902 0.321371 0.399902 0.320565 0.400883 0.319758 0.400883 0.318548 0.402355 0.318548 0.410206 0.319758 0.411678 0.322984 0.411678 0.324597 0.410206 0.326210 0.410206 0.328226 0.407753 0.329435 0.405299 0.329435 0.399902 0.328226 0.398430 0.323790 0.398430

front-hypogastric-center-red 0 0.355645 0.395976 0.354435 0.397448 0.354435 0.398921 0.353629 0.399902 0.353629 0.403337 0.356452 0.406771 0.357661 0.406771 0.358468 0.407753 0.362097 0.407753 0.363306 0.406771 0.364516 0.405299 0.364516 0.404809 0.366129 0.402846 0.366129 0.398430 0.364919 0.396958 0.362903 0.396958 0.362097 0.395976 0.355645 0.395976

front-iliac-left-red 0 0.383065 0.394995 0.381855 0.396467 0.381855 0.405299 0.383065 0.406771 0.384677 0.408243 0.390323 0.408243 0.391129 0.407753 0.392339 0.406281 0.392742 0.405299 0.392742 0.404318 0.393548 0.403337 0.393548 0.398921 0.392742 0.397939 0.392742 0.396467 0.391532 0.394995 0.383065 0.394995

Gynic-red 0 0.354032 0.471541 0.352823 0.472031 0.351210 0.473503 0.349194 0.475957 0.349194 0.482826 0.349597 0.484298 0.351210 0.486261 0.351210 0.486752 0.352419 0.488224 0.357258 0.488224 0.359274 0.485770 0.362500 0.483317 0.363710 0.481845 0.363710 0.475466 0.361290 0.472522 0.360081 0.472522 0.359274 0.471541 0.354032 0.471541

front-knee-right-red 0 0.320565 0.644259 0.319355 0.645731 0.319355 0.646712 0.318145 0.648184 0.318145 0.656035 0.319758 0.657998 0.320968 0.658979 0.326210 0.658979 0.327419 0.657998 0.328629 0.656526 0.329839 0.654563 0.329839 0.648675 0.328629 0.647203 0.326210 0.645731 0.324194 0.645240 0.323387 0.644259 0.320565 0.644259

front-knee-red 0 0.383871 0.641315 0.383065 0.642296 0.381452 0.642296 0.380242 0.643768 0.379032 0.645731 0.379032 0.649166 0.381048 0.651619 0.382258 0.651619 0.383871 0.653582 0.390323 0.653582 0.391532 0.652110 0.391532 0.645240 0.391129 0.644259 0.389919 0.642787 0.387903 0.641315 0.383871 0.641315

front-temple-right-red 0 0.330242 0.078999 0.329032 0.080471 0.329032 0.083415 0.329435 0.085378 0.330645 0.086850 0.333468 0.086850 0.334677 0.085868 0.335887 0.084396 0.335887 0.082434 0.333468 0.079490 0.331855 0.078999 0.330242 0.078999


Front-head-green 0 0.352016 0.075074 0.350000 0.077527 0.350000 0.080962 0.351210 0.082434 0.354435 0.082434 0.355645 0.080962 0.356452 0.079490 0.356452 0.077036 0.354839 0.075074 0.352016 0.075074

front-temple-left-green 0 0.372984 0.078999 0.371774 0.080471 0.371774 0.082924 0.372177 0.083906 0.373387 0.085378 0.375403 0.085378 0.376613 0.083906 0.376613 0.080471 0.375403 0.078999 0.372984 0.078999

front-throat-green 0 0.353629 0.176153 0.352419 0.177625 0.352419 0.180569 0.352823 0.181551 0.354032 0.183023 0.357258 0.183023 0.358468 0.181551 0.358468 0.177625 0.357258 0.176153 0.353629 0.176153

front-shoulder-right-green 0 0.280242 0.217861 0.279032 0.219333 0.279032 0.224239 0.280242 0.225711 0.283871 0.225711 0.285081 0.224239 0.285081 0.219823 0.283468 0.217861 0.280242 0.217861

front-shoulder-left-green 0 0.427016 0.214917 0.425806 0.216389 0.425806 0.217370 0.424194 0.219333 0.424194 0.222277 0.425403 0.223749 0.430645 0.223749 0.431452 0.223258 0.432661 0.221786 0.432661 0.216389 0.431452 0.214917 0.427016 0.214917

front-chest-right-green 0 0.307258 0.234053 0.306048 0.235525 0.306048 0.240922 0.307258 0.242395 0.312500 0.242395 0.313710 0.240922 0.313710 0.237488 0.313306 0.236016 0.312097 0.234544 0.310081 0.234053 0.307258 0.234053

front-chest-left-green 0 0.403629 0.232581 0.402016 0.234544 0.402016 0.240432 0.403226 0.241904 0.407661 0.241904 0.408468 0.241413 0.409677 0.240432 0.410887 0.238960 0.410887 0.235034 0.408871 0.232581 0.403629 0.232581

front-heart-green 0 0.358468 0.256133 0.357661 0.256624 0.356048 0.258587 0.356048 0.263494 0.357258 0.264966 0.358871 0.265456 0.362500 0.265456 0.364113 0.263494 0.364113 0.257605 0.362903 0.256133 0.358468 0.256133

front-hypochondriac-right-green 0 0.314919 0.311580 0.313710 0.313052 0.313710 0.317959 0.314113 0.319431 0.315323 0.320903 0.319355 0.320903 0.320968 0.318940 0.321371 0.317959 0.321371 0.316977 0.322984 0.315015 0.322984 0.313052 0.321774 0.311580 0.314919 0.311580

front-epigastric-green 0 0.356452 0.310108 0.354435 0.312561 0.354435 0.317959 0.355645 0.319431 0.360081 0.319431 0.360887 0.318940 0.362097 0.317468 0.362097 0.311580 0.360887 0.310108 0.356452 0.310108

front-hypochondriac-left-green 0 0.392339 0.310599 0.391532 0.311089 0.390323 0.312561 0.390323 0.318940 0.392339 0.321394 0.393145 0.321884 0.396371 0.321884 0.398790 0.318940 0.400000 0.316977 0.400000 0.314524 0.398790 0.313052 0.397177 0.311580 0.396371 0.311580 0.395565 0.310599 0.392339 0.310599

front-lumbar-right-green 0 0.323387 0.347399 0.322581 0.348381 0.321774 0.348381 0.320565 0.349853 0.320161 0.352306 0.320161 0.361629 0.321371 0.363101 0.322984 0.363101 0.323790 0.362120 0.326210 0.362120 0.327419 0.360648 0.327419 0.359666 0.329435 0.357213 0.329435 0.349853 0.327419 0.347399 0.323387 0.347399

front-umbilical-green 0 0.356855 0.342983 0.355645 0.344455 0.355645 0.345437 0.353629 0.347890 0.353629 0.352306 0.354839 0.353778 0.356048 0.353778 0.357661 0.355741 0.363306 0.355741 0.364113 0.354760 0.366129 0.354760 0.367339 0.353288 0.367339 0.352797 0.368952 0.350834 0.369355 0.348381 0.369355 0.346418 0.368952 0.345437 0.367742 0.343965 0.366935 0.343965 0.366129 0.342983 0.356855 0.342983

front-lumbar -left-green 0 0.387903 0.342983 0.386694 0.344455 0.386290 0.346418 0.386290 0.351816 0.386694 0.354269 0.387903 0.355741 0.390323 0.355741 0.391532 0.354760 0.392742 0.353288 0.393952 0.353288 0.395161 0.351816 0.395161 0.344455 0.393952 0.342983 0.387903 0.342983

front-iliac-right-green 0 0.323790 0.398430 0.322581 0.399902 0.321371 0.399902 0.320565 0.400883 0.319758 0.400883 0.318548 0.402355 0.318548 0.410206 0.319758 0.411678 0.322984 0.411678 0.324597 0.410206 0.326210 0.410206 0.328226 0.407753 0.329435 0.405299 0.329435 0.399902 0.328226 0.398430 0.323790 0.398430

front-hypogastric-center-green 0 0.355645 0.395976 0.354435 0.397448 0.354435 0.398921 0.353629 0.399902 0.353629 0.403337 0.356452 0.406771 0.357661 0.406771 0.358468 0.407753 0.362097 0.407753 0.363306 0.406771 0.364516 0.405299 0.364516 0.404809 0.366129 0.402846 0.366129 0.398430 0.364919 0.396958 0.362903 0.396958 0.362097 0.395976 0.355645 0.395976

front-iliac-left-green 0 0.383065 0.394995 0.381855 0.396467 0.381855 0.405299 0.383065 0.406771 0.384677 0.408243 0.390323 0.408243 0.391129 0.407753 0.392339 0.406281 0.392742 0.405299 0.392742 0.404318 0.393548 0.403337 0.393548 0.398921 0.392742 0.397939 0.392742 0.396467 0.391532 0.394995 0.383065 0.394995

Gynic-green 0 0.354032 0.471541 0.352823 0.472031 0.351210 0.473503 0.349194 0.475957 0.349194 0.482826 0.349597 0.484298 0.351210 0.486261 0.351210 0.486752 0.352419 0.488224 0.357258 0.488224 0.359274 0.485770 0.362500 0.483317 0.363710 0.481845 0.363710 0.475466 0.361290 0.472522 0.360081 0.472522 0.359274 0.471541 0.354032 0.471541

front-knee-right-green 0 0.320565 0.644259 0.319355 0.645731 0.319355 0.646712 0.318145 0.648184 0.318145 0.656035 0.319758 0.657998 0.320968 0.658979 0.326210 0.658979 0.327419 0.657998 0.328629 0.656526 0.329839 0.654563 0.329839 0.648675 0.328629 0.647203 0.326210 0.645731 0.324194 0.645240 0.323387 0.644259 0.320565 0.644259

front-knee-green 0 0.383871 0.641315 0.383065 0.642296 0.381452 0.642296 0.380242 0.643768 0.379032 0.645731 0.379032 0.649166 0.381048 0.651619 0.382258 0.651619 0.383871 0.653582 0.390323 0.653582 0.391532 0.652110 0.391532 0.645240 0.391129 0.644259 0.389919 0.642787 0.387903 0.641315 0.383871 0.641315






